Catwalk
AlexaStar
Catwalk
Catwalk
TRASE
Longwalk
AlexaStar
Mode By Red Tape
TRASE
ZAPATOZ
FASHIMO
2Aa Fashion
Bruno Manetti
ZAPATOZ
Delize
RINDAS
Puma
HimQuen
BULLFER
Bella Toes
FASHIMO
Krafter
ZOVIM
DEEANNE LONDON
Creattoes
DEEANNE LONDON
Catwalk
SILVER CAT
Catwalk
KLAUR MELBOURNE
Carrito
Krafter
Cleo
Creattoes
DEEANNE LONDON
ABJ Fashion
Catwalk
Longwalk
temerity
ABJ Fashion
Krafter
Catwalk
Puma
Generic
Mochi
Frringo
Generic
Puma
Surexo
Metro
DICY
Clarks
Longwalk
DEEANNE LONDON
2Aa Fashion
CatBird
FURIOZZ
Skechers
DEEANNE LONDON
CatBird
CatBird
Shoetopia
ABJ Fashion
